//Â≠òÂÇ®Ê†ºÂºèÔø????
//time
//name stage coin remainingstep score1 score2 score3
//chessboard 8*8
-------------------
2023-12-12 20:13:19
Sherry 2 1 5 100 0 0
11111111
11111111
11111111
11111111
11111111
11111111
11111111
11111111
-------------------
2023-12-12 20:13:19
Sherry 2 110 50
11111111
11111111
11111111
11111111
11111111
11111111
11111111
11111111
---------------------------------
2023-12-22 20:43:01
asdfg 2 0 6 0 0 0
12554535
11221344
35245312
52441231
12554554
23224125
15242352
12334141
---------------------------------
2023-12-22 20:47:38
sdfg 2 0 0 0 0 0
25535313
12122311
55351554
32244534
33225151
54113213
44325152
23415412
---------------------------------
2023-12-22 20:47:40
sdfg 3 0 0 0 0 0
25535313
12122311
55351554
32244534
33225151
54113213
44325152
23415412
---------------------------------
2023-12-22 20:51:45
asdf 1 0 0 0 0 0
25422133
23251344
11425233
12532131
45145354
22131355
12414433
53155445
---------------------------------
2023-12-22 21:05:20
adsfg 5 0 4 0 0 0
23221545
34155215
53415143
11431453
44255215
21524534
54131513
32415214
---------------------------------
2023-12-22 21:05:20
adsfg 5 0 4 0 0 0
23221545
34155215
53415143
11431453
44255215
21524534
54131513
32415214
---------------------------------
2023-12-22 21:11:42
asdf 1 0 0 0 0 0
33551235
12435252
14312435
52354122
24552315
25343211
43133133
52231434
---------------------------------
2023-12-22 21:12:42
SADF 1 0 0 0 0 0
33153452
45235253
12524144
53345235
32233154
13455321
42212131
24554322
---------------------------------
2023-12-22 21:12:42
SADF 1 0 0 0 0 0
33153452
45235253
12524144
53345235
32233154
13455321
42212131
24554322
---------------------------------
2023-12-22 21:14:13
AS 1 0 0 0 0 0
12442434
41413451
11534254
15321455
42343223
34221252
35543552
12422114
---------------------------------
2023-12-22 21:14:13
AS 1 0 0 0 0 0
12442434
41413451
11534254
15321455
42343223
34221252
35543552
12422114
---------------------------------
2023-12-22 21:15:15
QQQQ 1 0 0 0 0 0
33135445
11235522
52543435
41143145
52545432
54115251
23424533
15322453
---------------------------------
2023-12-22 21:15:15
QQQQ 1 0 0 0 0 0
33135445
11235522
52543435
41143145
52545432
54115251
23424533
15322453
---------------------------------
2023-12-22 21:15:18
QQQQ 1 0 0 0 0 0
33125445
11225522
52533435
41133145
52535432
54115251
23424533
15322453
---------------------------------
2023-12-22 21:15:18
QQQQ 1 0 0 0 0 0
33125445
11225522
52533435
41133145
52535432
54115251
23424533
15322453
---------------------------------
2023-12-22 21:17:28
JJJJ 1 0 0 0 0 0
34352424
21121251
25252315
41311332
43544144
23152342
35513451
55223344
---------------------------------
2023-12-22 21:17:28
JJJJ 1 0 0 0 0 0
34352424
21121251
25252315
41311332
43544144
23152342
35513451
55223344
---------------------------------
2023-12-22 21:18:58
asd 1 0 0 90 0 0
14142544
51213224
33321313
54243121
43531344
13425214
42421325
53145112
---------------------------------
2023-12-22 21:18:58
asd 1 0 0 90 0 0
14142544
51213224
33321313
54243121
43531344
13425214
42421325
53145112
---------------------------------
2023-12-22 21:20:09
CCC 1 0 0 60 0 0
13522515
55214321
12512314
24314224
24221515
41241154
41553354
34521531
---------------------------------
2023-12-22 21:20:09
CCC 1 0 0 60 0 0
13522515
55214321
12512314
24314224
24221515
41241154
41553354
34521531
---------------------------------
2023-12-22 21:21:32
asdf 1 0 0 60 0 0
35514211
43513244
55424552
14234215
35214214
42531223
25253143
52342132
---------------------------------
2023-12-22 21:21:32
asdf 1 0 0 60 0 0
35514211
43513244
55424552
14234215
35214214
42531223
25253143
52342132
---------------------------------
2023-12-22 21:22:18
FYC 7 0 0 290 0 0
42100055
25231014
34145025
34551123
52424342
13243235
15425212
41224145
---------------------------------
2023-12-22 21:22:18
FYC 7 0 0 290 0 0
42100055
25231014
34145025
34551123
52424342
13243235
15425212
41224145
---------------------------------
2023-12-22 21:25:46
fffff 1 0 0 90 0 0
35355451
25422154
44123442
53435352
2+212211
41314424
21153241
54312252
---------------------------------
2023-12-22 21:25:46
fffff 1 0 0 90 0 0
35355451
25422154
44123442
53435352
2+212211
41314424
21153241
54312252
---------------------------------
2023-12-22 21:26:54
CCC 1 0 0 570 0 0
14543423
44554315
21443534
15425113
12153+21
31233133
34211221
24523511
---------------------------------
2023-12-22 21:26:54
CCC 1 0 0 570 0 0
14543423
44554315
21443534
15425113
12153+21
31233133
34211221
24523511
---------------------------------
2023-12-22 21:27:43
ASDF 1 0 0 90 0 0
41331321
41311532
55423522
55314313
23421511
41245221
+4151523
14152214
---------------------------------
2023-12-22 21:27:43
ASDF 1 0 0 90 0 0
41331321
41311532
55423522
55314313
23421511
41245221
+4151523
14152214
---------------------------------
2023-12-22 21:30:13
asdf 1 0 0 60 0 0
54244153
14235223
21341155
45355134
22315223
+5154214
24211331
54334324
---------------------------------
2023-12-22 21:30:13
asdf 1 0 0 60 0 0
54244153
14235223
21341155
45355134
22315223
+5154214
24211331
54334324
---------------------------------
2023-12-22 21:37:14
BBBB 1 0 0 120 0 0
42524524
53452132
32433135
33522442
12143453
22351525
445+1314
44123352
---------------------------------
2023-12-22 21:37:14
BBBB 1 0 0 120 0 0
42524524
53452132
32433135
33522442
12143453
22351525
445+1314
44123352
---------------------------------
2023-12-22 21:38:16
ÈòøÁëü 1 0 0 90 0 0
25255154
11533231
31122153
455245+4
43151112
12511251
41553455
15125214
---------------------------------
2023-12-22 21:38:16
ÈòøÁëü 1 0 0 90 0 0
25255154
11533231
31122153
455245+4
43151112
12511251
41553455
15125214
---------------------------------
2023-12-22 21:39:02
ÈòøÊñØËíÇËä¨ 1 0 0 90 0 0
345+2311
25352545
33521425
13445251
32234335
23515112
51145154
11223533
---------------------------------
2023-12-22 21:39:02
ÈòøÊñØËíÇËä¨ 1 0 0 90 0 0
345+2311
25352545
33521425
13445251
32234335
23515112
51145154
11223533
---------------------------------
2023-12-22 21:39:43
SSS 1 0 0 90 0 0
42424533
23351241
52241353
+3353432
42335113
31254242
45325531
15145521
---------------------------------
2023-12-22 21:39:43
SSS 1 0 0 90 0 0
42424533
23351241
52241353
+3353432
42335113
31254242
45325531
15145521
---------------------------------
2023-12-22 21:44:44
MMM 7 0 0 300 0 0
15241042
44324023
43234054
34321333
34224144
43541221
11215535
24142154
---------------------------------
2023-12-22 21:44:44
MMM 7 0 0 300 0 0
15241042
44324023
43234054
34321333
34224144
43541221
11215535
24142154
---------------------------------
2023-12-22 21:45:42
MMM 8 0 0 300 190 0
21343442
32314451
11312531
54124322
31234253
11533421
32525331
25353114
---------------------------------
2023-12-22 21:45:42
MMM 8 0 0 300 190 0
21343442
32314451
11312531
54124322
31234253
11533421
32525331
25353114
---------------------------------
2023-12-22 21:45:49
MMM 8 0 0 300 220 0
21443442
32414451
11512531
54124322
31234253
11533421
32525331
25353114
---------------------------------
2023-12-22 21:45:49
MMM 8 0 0 300 220 0
21443442
32414451
11512531
54124322
31234253
11533421
32525331
25353114
---------------------------------
2023-12-22 22:22:29
KKKK 1 0 1 30 0 0
25525522
12213525
53113441
12131413
31411233
15215315
41231314
55334251
---------------------------------
2023-12-22 22:22:29
KKKK 1 0 1 30 0 0
25525522
12213525
53113441
12131413
31411233
15215315
41231314
55334251
---------------------------------
2023-12-22 22:22:58
FFF 1 0 1 120 0 0
25344332
32433233
12143123
14425244
42323112
12211312
13121144
25324525
---------------------------------
2023-12-22 22:22:58
FFF 1 0 1 120 0 0
25344332
32433233
12143123
14425244
42323112
12211312
13121144
25324525
---------------------------------
2023-12-22 22:33:52
SDF 1 0 1 90 0 0
15434115
15243532
32341342
15335431
31542455
13432234
43323524
44232513
---------------------------------
2023-12-22 22:33:52
SDF 1 0 1 90 0 0
15434115
15243532
32341342
15335431
31542455
13432234
43323524
44232513
---------------------------------
2023-12-23 16:11:02
Sherry 2 0 0 0 1320 0
00000000
00000000
05020044
510a0211
51040155
a50a0215
2a154151
12222255
---------------------------------
2023-12-23 16:11:02
Sherry 2 0 0 0 1320 0
00000000
00000000
05020044
510a0211
51040155
a50a0215
2a154151
12222255
---------------------------------
2023-12-23 16:11:07
Sherry 2 0 0 0 1320 0
42515a12
42154314
a5125344
513a4211
51345155
a51a5215
2a154151
12aa2255
---------------------------------
2023-12-23 16:11:07
Sherry 2 0 0 0 1320 0
42515a12
42154314
a5125344
513a4211
51345155
a51a5215
2a154151
12aa2255
---------------------------------
2023-12-23 16:11:23
321 1 0 2 0 0 0
42533435
55215511
24455132
14244531
12542355
34544524
23324534
31231142
---------------------------------
2023-12-23 16:11:23
321 1 0 2 0 0 0
42533435
55215511
24455132
14244531
12542355
34544524
23324534
31231142
---------------------------------
2023-12-23 18:26:13
FYC 1 0 0 190 0 0
36522414
5163a651
255a5334
421a5a44
25343653
52154523
43211322
11344115
---------------------------------
2023-12-23 18:26:13
FYC 1 0 0 190 0 0
36522414
5163a651
255a5334
421a5a44
25343653
52154523
43211322
11344115
---------------------------------
2023-12-23 18:26:19
FYC 1 0 0 190 0 0
36522414
5163a651
255a5334
421a5a44
25343653
52154523
43211322
11344115
---------------------------------
2023-12-23 18:26:19
FYC 1 0 0 190 0 0
36522414
5163a651
255a5334
421a5a44
25343653
52154523
43211322
11344115
---------------------------------
2023-12-23 18:29:46
GGG 1 0 1 170 0 0
42135535
32161a66
61213144
61a11244
a332a611
64163232
144a4a44
116a3261
---------------------------------
2023-12-23 18:29:46
GGG 1 0 1 170 0 0
42135535
32161a66
61213144
61a11244
a332a611
64163232
144a4a44
116a3261
---------------------------------
2023-12-23 18:31:42
GGG 1 0 0 40 0 0
423a1154
11a46313
a4512161
24165415
3115a521
5a564546
45161a25
445a2546
---------------------------------
2023-12-23 18:31:42
GGG 1 0 0 40 0 0
423a1154
11a46313
a4512161
24165415
3115a521
5a564546
45161a25
445a2546
---------------------------------
2023-12-23 18:31:52
GGG 1 0 0 40 0 0
423a1154
11a46313
a4512161
24165415
3115a521
5a564546
45161a25
445a2546
---------------------------------
2023-12-23 18:31:52
GGG 1 0 0 40 0 0
423a1154
11a46313
a4512161
24165415
3115a521
5a564546
45161a25
445a2546
---------------------------------
2023-12-23 18:33:11
GGGG 1 0 0 40 0 0
24264455
15316316
46411a52
16542631
a3613522
41164113
26244623
21131264
---------------------------------
2023-12-23 18:33:11
GGGG 1 0 0 40 0 0
24264455
15316316
46411a52
16542631
a3613522
41164113
26244623
21131264
---------------------------------
2023-12-23 18:33:52
NNN 1 0 0 150 0 0
65114154
36463213
51364a42
433a5a66
26412132
65512452
6443a644
11351a12
---------------------------------
2023-12-23 18:33:52
NNN 1 0 0 150 0 0
65114154
36463213
51364a42
433a5a66
26412132
65512452
6443a644
11351a12
---------------------------------
2023-12-23 18:34:28
FFF 1 0 0 40 0 0
434a3626
32253454
15361264
35425561
44216213
54a42a64
11232352
13631154
---------------------------------
2023-12-23 18:34:28
FFF 1 0 0 40 0 0
434a3626
32253454
15361264
35425561
44216213
54a42a64
11232352
13631154
---------------------------------
2023-12-23 19:04:46
ASDF 1 0 0 40 0 0
32452324
43526231
13233236
3a452164
41312416
6a163661
41213524
61144364
---------------------------------
2023-12-23 19:04:46
ASDF 1 0 0 40 0 0
32452324
43526231
13233236
3a452164
41312416
6a163661
41213524
61144364
---------------------------------
2023-12-23 19:05:32
DDD 1 0 0 130 0 0
32323416
431a23a4
56412a55
5145a225
a6511324
a3215431
42a36a22
1455a163
---------------------------------
2023-12-23 19:05:32
DDD 1 0 0 130 0 0
32323416
431a23a4
56412a55
5145a225
a6511324
a3215431
42a36a22
1455a163
---------------------------------
2023-12-23 19:13:13
SSS 1 0 0 80 0 0
a2311543
a2142664
aa33a213
62263145
3312aa53
23414a62
34545131
54535112
---------------------------------
2023-12-23 19:13:13
SSS 1 0 0 80 0 0
a2311543
a2142664
aa33a213
62263145
3312aa53
23414a62
34545131
54535112
---------------------------------
2023-12-23 19:15:55
XXX 1 0 0 260 0 0
24652556
42121616
24142652
1225a442
6a446511
46445424
5466a241
14612411
---------------------------------
2023-12-23 19:15:55
XXX 1 0 0 260 0 0
24652556
42121616
24142652
1225a442
6a446511
46445424
5466a241
14612411
---------------------------------
2023-12-23 19:50:24
BBBB 1 0 6 240 0 0
36a33654
53526535
a1512a56
a1224a15
335a5563
62156515
61a22312
1a635632
---------------------------------
2023-12-23 19:50:24
BBBB 1 0 6 240 0 0
36a33654
53526535
a1512a56
a1224a15
335a5563
62156515
61a22312
1a635632
---------------------------------
2023-12-23 22:13:53
Sherry 2 0 0 0 1090 0
00000000
04000504
23001424
330a1115
21233445
25521141
24345232
32424325
---------------------------------
2023-12-23 22:13:53
Sherry 2 0 0 0 1090 0
00000000
04000504
23001424
330a1115
21233445
25521141
24345232
32424325
---------------------------------
2023-12-23 23:02:36
124 1 0 7 100 0 0
22612441
34336153
65564122
22521311
63143462
64112613
11421235
21136141
---------------------------------
2023-12-23 23:25:59
dsfgdf 1 0 0 390 0 0
34266132
13545536
54235113
41312154
23153432
14242653
51661425
56554334
---------------------------------
2023-12-23 23:25:59
dsfgdf 1 0 0 390 0 0
34266132
13545536
54235113
41312154
23153432
14242653
51661425
56554334
---------------------------------
2023-12-23 23:31:03
dfgf 1 0 0 490 0 0
14155431
33215212
64642214
61315465
11546435
54136322
36545614
46235114
---------------------------------
2023-12-23 23:32:01
ddd 1 0 0 340 0 0
34226561
63165351
53252113
34416265
23164416
25231323
41541256
46615633
---------------------------------
2023-12-23 23:34:46
ADF 1 0 0 770 0 0
40003046
16523556
12646431
32425663
34435116
23143512
2621a3a2
43643614
---------------------------------
2023-12-23 23:34:46
ADF 1 0 0 770 0 0
40003046
16523556
12646431
32425663
34435116
23143512
2621a3a2
43643614
---------------------------------
2023-12-23 23:34:49
ADF 2 0 6 770 0 0
11565614
64163323
41242252
62251163
35424141
12553354
21554216
33645335
---------------------------------
2023-12-23 23:34:49
ADF 2 0 6 770 0 0
11565614
64163323
41242252
62251163
35424141
12553354
21554216
33645335
---------------------------------
2023-12-23 23:37:00
DDD 1 0 0 510 0 0
66510002
64243542
34616255
16233662
32456435
4342a522
54364645
35241132
---------------------------------
2023-12-23 23:37:02
DDD 2 0 6 510 0 0
43565255
64513563
14245532
61613364
35213116
25445366
16452455
35312236
---------------------------------
2023-12-23 23:41:45
FFF 1 0 0 620 0 0
65510415
11310564
35630456
55120345
64523655
55413231
1326a311
26152422
---------------------------------
2023-12-23 23:45:22
DDD 1 0 0 350 0 0
46400065
62224426
26153341
34546342
51164566
53263514
11552435
64642244
---------------------------------
2023-12-23 23:46:00
DDD 2 0 0 350 250 0
31603644
56604233
26203415
42542626
33155345
51416163
62123443
14155135
---------------------------------
2023-12-23 23:46:27
DDD 3 0 0 350 250 150
42420006
44531352
56236314
66425136
51556342
64141644
43322515
24312122
---------------------------------
2023-12-23 23:46:34
DDD 3 0 0 350 250 150
42422326
44531352
56236314
66425136
51556342
64141644
43322515
24312122
---------------------------------
2023-12-23 23:59:52
42142 1 0 0 420 0 0
56211061
42554015
16631055
43263442
45311632
26533216
35134214
32556546
---------------------------------
2023-12-24 00:00:57
42142 2 0 0 420 180 0
23204165
46102113
25202633
16355314
53556465
43565546
66446146
24254335
---------------------------------
2023-12-24 00:01:29
42142 3 0 0 420 180 180
26600051
13641252
63152523
24265415
42624612
12365564
45336123
21554633
---------------------------------
2023-12-24 00:01:43
42142 3 0 0 420 180 180
26636551
13641252
63152523
24265415
42624612
12365564
45336123
21554633
---------------------------------
2023-12-24 00:04:32
123 1 0 0 330 0 0
16424306
62616306
24116501
25334424
14564361
6-231232
653652-1
54124354
---------------------------------
2023-12-24 00:05:14
123 2 0 0 330 300 0
30006431
664554--
66162355
14162644
43546521
14165635
23346146
14362512
---------------------------------
2023-12-24 00:06:41
SDFG 1 0 7 40 0 0
53264364
26441365
66533256
14533513
16652535
35445651
52154155
42464336
---------------------------------
2023-12-24 00:24:52
75 1 0 0 440 0 0
00005266
26241351
34643524
31625116
61362534
42153546
53213312
52131643
---------------------------------
2023-12-24 18:03:02
Sustech 1 0 0 90 0 0
12341241
34642132
45135341
45345123
35313412
24241231
41325143
32143212
---------------------------------
2023-12-24 18:06:19
Sustech 1 0 0 70 0 0
63242241
12145132
45125341
24511123
31513412
24241231
41325143
32143212
---------------------------------
2023-12-24 18:09:11
DD 1 0 0 360 0 0
45300033
56616521
42522115
11214433
34124541
64436226
55664414
31524115
---------------------------------
2023-12-25 16:14:04
DDDD 7 0 0 370 0 0
22524215
64633165
25322132
54156543
55511425
23146316
21645461
33622513
---------------------------------
2023-12-25 16:27:29
FFFF 1 0 4 220 0 0
42441136
23123156
25323515
56641452
51615656
44133461
51221661
14143213
---------------------------------
2023-12-25 16:32:24
SSS 1 0 0 310 0 0
16120512
25210533
43160433
51441662
56652416
16635363
33446611
24426456
---------------------------------
2023-12-25 16:57:19
DDD 1 0 0 370 0 0
40005136
52322216
34134144
46465315
62412153
11241616
21313116
55653235
---------------------------------
2023-12-25 16:57:30
DDD 1 0 0 370 0 0
46235136
52322216
34134144
46465315
62412153
11241616
21313116
55653235
---------------------------------
2023-12-25 17:13:02
DDD 1 0 0 390 0 0
05546443
01225534
01426422
06341262
32521355
54346165
53124364
52145355
---------------------------------
2023-12-25 17:13:56
DDD 2 0 0 390 310 0
55650004
62342216
51336422
65141234
32562216
22531516
41634651
21421646
---------------------------------
2023-12-25 17:15:22
DDD 3 0 0 390 310 660
11410541
51630352
16210455
25461346
461245a6
65442443
14215354
44326361
---------------------------------
2023-12-25 17:17:18
SS 4 0 0 380 0 0
35300002
51314306
22423606
34632542
61352341
62524235
35435546
51165354
---------------------------------
2023-12-25 17:18:29
SS 5 0 0 380 370 0
62014636
11022511
36045365
35651142
45343263
44211446
26353513
42465626
---------------------------------
2023-12-25 17:24:32
DD 7 0 0 450 0 0
31000432
53246124
56535564
21636246
31461353
43252325
24512653
36134113
---------------------------------
2023-12-25 17:25:25
DD 8 0 0 450 460 0
23662036
21522011
32511042
16454623
41232344
36464561
54133446
15235423
---------------------------------
2023-12-25 17:27:24
DDD 1 0 0 280 0 0
40006465
21126454
13243112
43445336
21162422
65166612
44115656
12414512
---------------------------------
2023-12-25 17:39:49
ÂæóÂà∞ 1 0 7 150 0 0
42211211
45354322
62236652
64346343
34523565
11346351
25461365
52455644
---------------------------------
2023-12-25 17:46:46
FFF 1 1 0 840 0 0
24220652
61560156
22440615
15525115
41234226
66531351
13455544
65525514
---------------------------------
2023-12-25 17:48:37
FFF 1 1 0 330 0 0
12200012
16155116
46556143
12334254
16445421
44632262
21664363
42156245
---------------------------------
2023-12-25 17:50:34
FFF 1 1 0 450 0 0
65522023
46415016
63346056
24223433
46541625
15432551
21151664
23432262
---------------------------------
2023-12-25 18:01:50
JJJ 1 1 0 360 0 0
31000043
41432661
62414244
21525664
44545116
34246521
46215325
52536553
---------------------------------
2023-12-25 18:10:47
ÊñπÊ≥ï 1 1 0 350 0 0
40513453
30512633
30644564
25133151
544562a3
32224455
12411362
23212241
---------------------------------
2023-12-25 18:17:29
GHHH 1 1 0 420 0 0
34210556
45460336
62120113
64621264
51232213
36465656
36244462
12523433
---------------------------------
2023-12-25 18:21:13
ÂòéÂòéÔø???? 1 1 0 390 0 0
16000132
15614154
21636255
34642416
56323452
23614621
35215412
46236336
---------------------------------
2023-12-25 22:59:49
HHH  1 1 0 300 0 0
43100021
52263534
11242526
24516434
16152154
63562513
11514345
36212543
---------------------------------
2023-12-25 23:00:12
HHH  2 0 7 300 60 0
62662436
61546642
55243623
46151336
1442141+
11535432
41553265
36211634
---------------------------------
2023-12-26 00:08:41
FYC 2 0 0 0 260 0
40634241
10562132
30665541
20146123
3023-412
24261231
46325143
32143212
---------------------------------
2023-12-26 00:18:13
423 1 0 0 410 0 0
50566462
30122126
5045343-
51252311
-2345663
65265315
25466145
23352343
---------------------------------
2023-12-26 00:18:23
423 1 0 0 440 0 0
61166462
32122126
5145343-
51252311
-2345663
65265315
25466145
23352343
---------------------------------
2023-12-26 00:18:28
423 1 0 0 440 0 0
61166462
32122126
5145343-
51252311
-2345663
65265315
25466145
23352343
---------------------------------
2023-12-26 09:34:04
GGG 1 0 7 90 0 0
35443236
32242323
14561615
53321623
1641+464
15641215
26125256
24543465
---------------------------------
2023-12-26 10:07:10
234 1 0 0 400 0 0
53000064
31064423
61016616
44625124
51253143
14463651
25522543
12656522
---------------------------------
2023-12-26 10:08:50
234 2 0 0 400 570 0
22305543
45402651
35205424
61343154
13562461
66235664
13463423
63351436
---------------------------------
2023-12-26 10:09:44
234 3 0 0 400 570 390
40005231
61514325
55432142
22323126
15412423
22412662
51543342
24663526
---------------------------------
2023-12-26 10:09:50
234 3 0 0 400 570 390
41535231
61514325
55432142
22323126
15412423
22412662
51543342
24663526
---------------------------------
2023-12-26 10:15:57
se 1 0 0 440 0 0
26000414
66356253
44343622
23253464
45214241
54433252
62354464
31414124
---------------------------------
2023-12-26 10:17:07
trial 1 0 0 330 0 0
51015445
23063512
36064551
31536224
6314-11-
42165231
63455144
43142633
---------------------------------
2023-12-26 12:39:34
213 1 0 0 640 0 0
55100001
24565421
14163622
16623114
21512521
13443524
51252631
62242436
---------------------------------
2023-12-26 12:39:40
213 1 0 0 640 0 0
55144641
24565421
14163622
16623114
21512521
13443524
51252631
62242436
---------------------------------
2023-12-26 12:40:52
213 1 0 0 270 0 0
32055461
45034214
36062326
34354566
11623354
35516256
34154462
45616534
---------------------------------
2023-12-26 12:41:46
213 2 0 0 270 340 0
02453164
05243434
05212542
61164514
41143225
34562312
36614352
66456256
---------------------------------
2023-12-26 12:43:10
213 3 0 0 270 340 410
23152012
66554012
61433061
14234261
56362612
25254444
34245311
45316643
---------------------------------
2023-12-26 12:43:13
213 3 0 0 270 340 450
23151112
66552212
61434212
14233561
56364261
25252612
34245311
45316643
---------------------------------
2023-12-26 12:43:19
213 3 0 0 270 340 560
23155664
66552262
61434356
14233561
56364261
25252612
34245311
45316643
---------------------------------
2023-12-26 12:43:23
213 3 0 0 270 340 560
23155664
66552262
61434356
14233561
56364261
25252612
34245311
45316643
---------------------------------
2023-12-26 13:51:29
23424 1 0 6 160 0 0
15413123
64655434
24152214
53633126
44541234
41424212
11661414
12265463
---------------------------------
2023-12-26 14:10:53
123 1 0 8 0 0 0
26241551
33316416
63436121
61564112
25134121
61451626
54632652
65446246
---------------------------------
2023-12-26 14:19:58
3122 1 0 5 150 0 0
66412154
23546636
36653265
14324535
31356212
21616636
64121611
32153414
---------------------------------
2023-12-26 14:24:03
she 1 0 5 170 0 0
63234153
61121415
45452151
36234536
56342422
64264351
54545145
53164431
---------------------------------
2023-12-26 14:26:24
1242 1 0 0 740 0 0
44000645
13501356
66203236
35202264
12654635
13115453
63431611
66454415
---------------------------------
2023-12-26 14:26:58
1242 2 0 8 740 0 0
42543152
24431265
44632114
26546642
61452662
44633266
16521426
52452641
---------------------------------
2023-12-26 14:28:16
Sustech 1 0 0 120 0 0
12361641
34142232
45136141
22425313
31513452
24241233
41325143
32143212
---------------------------------
2023-12-26 14:32:10
∆‰ 1 0 6 100 0 0
43156351
54523121
62254245
24261153
515615a2
34324422
11322126
23512264
---------------------------------
2023-12-26 14:34:59
132 1 0 0 330 0 0
36200043
45152511
32563313
33246655
65-52461
56636456
11542514
42613651
